917,5
917,4
917,3
917,2
917,1
4294967279,366
916,5
916,4
916,3
916,2
916,1
915,5
915,4
915,3
915,2
915,1
914,4
914,3
914,2
914,1
913,4
913,3
913,2
913,1
912,4
912,3
912,2
912,1
911,4
911,3
911,2
911,1
4294967278,365
4294967278,362
910,5
910,4
910,3
910,2
910,1
909,5
909,4
909,3
909,2
909,1
4294967279,363
908,5
908,4
908,3
908,2
908,1
907,4
907,3
907,2
907,1
906,4
906,3
906,2
906,1
905,4
905,3
905,2
905,1
904,4
904,3
904,2
904,1
4294967278,361
4294967278,360
4294967279,359
4294967278,359
903,5
903,4
903,3
903,2
903,1
4294967278,358
4294967279,358
902,5
902,4
902,3
902,2
902,1
901,5
901,4
901,3
901,2
901,1
900,4
900,3
900,2
900,1
899,4
899,3
899,2
899,1
898,4
898,3
898,2
898,1
897,4
897,3
897,2
897,1
4294967279,357
4294967279,356
4294967294,469
4294967294,972
4294967278,357
896,5
896,4
896,3
896,2
896,1
4294967278,355
4294967278,354
4294967278,377
4294967279,355
895,5
895,4
895,3
895,2
895,1
894,5
894,4
894,3
894,2
894,1
893,4
893,3
893,2
893,1
892,4
892,3
892,2
892,1
891,4
891,3
891,2
891,1
890,4
890,3
890,2
890,1
889,5
889,4
889,3
889,2
889,1
4294967279,354
888,5
888,4
888,3
888,2
888,1
4294967279,353
4294967279,396
887,5
887,4
887,3
887,2
887,1
886,4
886,3
886,2
886,1
885,4
885,3
885,2
885,1
884,4
884,3
884,2
884,1
883,4
883,3
883,2
883,1
4294967279,352
4294967278,353
4294967279,348
882,5
882,4
882,3
882,2
882,1
4294967278,350
881,5
881,4
881,3
881,2
881,1
4294967279,347
4294967279,345
4294967279,343
880,5
880,4
880,3
880,2
880,1
879,4
879,3
879,2
879,1
878,4
878,3
878,2
878,1
877,4
877,3
877,2
877,1
876,4
876,3
876,2
876,1
4294967278,347
4294967279,401
4294967293,131
4294967293,130
4294967293,129
4294967293,128
4294967293,127
4294967293,126
4294967293,125
4294967293,124
4294967293,123
4294967293,122
4294967293,121
4294967293,120
4294967293,119
4294967293,118
4294967293,117
4294967293,116
4294967293,115
4294967293,114
4294967293,113
4294967293,112
4294967293,111
4294967293,110
4294967293,109
4294967293,108
4294967293,107
4294967293,106
4294967293,105
4294967293,104
4294967293,103
4294967293,102
4294967293,101
4294967293,100
4294967293,99
4294967293,98
4294967293,97
4294967293,96
4294967293,95
4294967293,94
4294967293,93
4294967293,92
4294967293,91
4294967293,90
4294967293,89
4294967293,88
4294967293,87
4294967293,86
4294967293,85
4294967293,84
4294967293,83
4294967293,82
4294967293,81
4294967293,80
4294967293,79
4294967293,78
4294967293,77
4294967293,76
4294967293,75
4294967293,74
4294967293,73
4294967293,72
4294967293,71
4294967293,70
4294967293,69
4294967293,68
4294967293,67
4294967293,66
4294967293,65
4294967293,64
4294967293,63
4294967293,62
4294967293,61
4294967293,60
4294967293,59
4294967293,58
4294967293,57
4294967293,56
4294967293,55
4294967293,54
4294967293,53
4294967293,52
4294967293,51
4294967293,50
4294967293,49
4294967293,48
4294967293,47
4294967293,46
4294967293,45
4294967293,44
4294967293,43
4294967293,42
4294967293,41
4294967293,40
4294967293,39
4294967293,38
4294967293,37
4294967293,36
4294967293,35
4294967293,34
4294967293,33
4294967293,32
4294967293,31
4294967293,30
4294967293,29
4294967293,28
4294967293,27
4294967293,26
4294967293,25
4294967293,24
4294967293,23
4294967293,22
4294967293,21
4294967293,20
4294967293,19
4294967293,18
4294967293,17
4294967293,16
4294967293,15
4294967293,14
4294967293,13
4294967293,12
4294967293,11
4294967293,10
4294967293,9
4294967293,8
4294967293,7
4294967293,6
4294967293,5
4294967293,4
4294967293,3
4294967293,2
4243767290,0
4243767289,0
4243767288,0
4243767287,0
4243767286,0
4243767285,0
4243767284,0
4243767283,0
4243767282,0
4243767281,0
4294967293,0
4294967278,531
4294967278,162
4294967278,50
4294967278,137
4294967278,161
4294967278,49
4294967278,341
4294967278,160
4294967278,48
4294967278,364
4294967278,159
4294967278,47
4294967278,158
4294967278,46
4294967278,372
